0  0  06 0   0  14 10 0   13 02 0  15  0  0  0  04
0  16 15 0   12 0  0  02  07 09 0  04  0  0  05 03
12 0  14 0   13 03 06 0   0  0  05 0   01 0  0  0 
0  0  01 02  08 15 07 04  06 0  16 12  0  0  0  09

10 0  05 0   15 06 11 0   0  16 09 08  0  0  04 0 
0  08 0  11  03 0  0  0   0  0  0  13  07 16 15 0 
0  12 0  07  0  08 0  10  0  01 15 0   02 11 0  0 
0  0  02 15  0  0  16 0   10 0  11 07  09 0  03 08

0  15 0  04  0  12 0  0   05 13 06 0   10 02 0  0 
09 01 08 0   0  0  05 0   0  12 02 14  04 0  07 15
0  03 12 0   11 02 0  15  09 0  0  10  16 0  06 01
0  0  11 14  0  0  0  13  0  15 0  01  03 0  12 05

0  0  0  0   02 01 0  08  15 11 0  0   05 04 10 0 
0  02 0  0   0  0  13 06  14 05 03 16  0  07 08 0 
0  09 03 0   0  0  0  11  0  0  10 0   0  14 0  13
0  0  10 16  14 0  0  05  0  0  13 0   0  0  0  0 